model_uid
e8b35de4
10a5776a
3d41d476
6514ef42
8cedb580
b8e807f8
e08b8e38
0820cbd4
2fbd5be4
5bbcf786
840af3fa
abd56f14
d4089736
00c7d6c4
28a12d62
508f2266
785da3bc
a47d3d86
cc50dc14
f3e58360
1fdd7b8a
479658c2
6f8eb69e
9b58eab0
c32d1610
eb3a21c0
1359d68c
3f7b6c12
67d67814
8fcdd65a
